12 11 2017 1
13 11 2017 1
14 11 2017 1
12 11 2017 1
13 11 2017 1
14 11 2017 1
12 11 2017 1
13 11 2017 1
14 11 2017 1
12 11 2017 1
13 11 2017 1
14 11 2017 1
12 11 2017 1
13 11 2017 1
14 11 2017 1
12 11 2017 1
13 11 2017 1
14 11 2017 1
12 11 2017 1
13 11 2017 1
14 11 2017 1
12 11 2017 1
13 11 2017 1
14 11 2017 1
12 11 2017 1
13 11 2017 1
14 11 2017 1
29 10 2017 1
29 10 2017 1
30 10 2017 1
29 11 2017 1
29 11 2017 1
29 11 2017 1
29 11 2017 2
29 11 2017 2
6 12 2017 1
6 12 2017 1
6 12 2017 1
29 5 2018 1
30 5 2018 1
29 5 2018 1
30 5 2018 1
29 5 2018 1
30 5 2018 1
15 3 2018 2
16 3 2018 2
17 3 2018 2
15 3 2018 2
16 3 2018 2
17 3 2018 2
15 3 2018 2
16 3 2018 2
17 3 2018 2
15 3 2018 2
16 3 2018 2
17 3 2018 2
23 1 2018 1
23 1 2018 1
23 1 2018 1
23 1 2018 1
23 1 2018 3
23 1 2018 3
23 1 2018 3
23 1 2018 3
23 1 2018 1
23 1 2018 1
23 1 2018 1
23 1 2019 1
23 1 2019 1
23 1 2019 1
23 1 2019 1
23 1 2018 1
23 1 2018 1
23 1 2018 1
24 1 2018 1
24 1 2018 1
24 1 2018 1
24 1 2018 1
24 1 2018 1
26 1 2018 1
26 1 2018 1
26 1 2018 1
26 1 2018 1
26 1 2018 1
26 1 2018 1
26 1 2018 1
26 1 2018 1
26 1 2018 1
26 1 2018 1
27 1 2018 1
27 1 2018 1
27 1 2018 1
26 1 2018 2
26 1 2018 2
26 1 2018 2
26 1 2018 2
27 1 2018 2
27 1 2018 1
27 1 2018 1
27 1 2018 1
27 1 2018 3
27 1 2018 3
27 1 2018 3
27 1 2018 3
25 2 2018 1
26 2 2018 1
25 2 2018 1
26 2 2018 1
27 1 2018 2
27 1 2018 2
27 1 2018 2
27 1 2018 2
27 1 2018 3
27 1 2018 3
